0 9
1 10
2 11
3 7
4 10
5 7
6 4
7 6
8 8
9 9
10 9
11 14
12 16
13 11
14 13
15 14
16 20
17 16
18 16
19 17
20 15
21 15
22 26
23 17
24 23
25 22
26 28
27 35
28 40
29 34
30 31
31 42
32 27
33 40
34 37
35 45
36 42
37 35
38 37
39 42
40 38
41 37
42 51
43 29
44 41
45 33
46 32
47 34
48 37
49 30
50 34
51 37
52 38
53 38
54 31
55 24
56 41
57 26
58 32
59 27
60 28
61 27
62 36
63 19
64 13
65 24
66 22
67 19
68 27
69 17
70 22
71 19
72 20
73 15
74 17
75 20
76 14
77 23
78 23
79 22
80 18
81 18
82 18
83 10
84 17
85 13
86 9
87 18
88 13
89 11
90 15
91 16
92 12
93 12
94 15
95 10
96 7
97 13
98 10
99 7
100 15
101 17
102 11
103 9
104 7
105 13
106 3
107 5
108 11
109 11
110 15
111 11
112 14
113 7
114 11
115 15
116 21
117 18
118 17
119 18
120 17
121 20
122 15
123 18
124 21
125 32
126 37
127 25
128 29
129 32
130 23
131 36
132 29
133 30
134 29
135 40
136 34
137 46
138 37
139 42
140 48
141 37
142 36
143 37
144 41
145 34
146 39
147 42
148 50
149 47
150 38
151 44
152 43
153 45
154 42
155 33
156 52
157 32
158 45
159 35
160 25
161 27
162 29
163 29
164 27
165 27
166 30
167 23
168 27
169 27
170 21
171 29
172 11
173 14
174 9
175 14
176 11
177 9
178 15
179 13
180 11
181 17
182 18
183 20
184 13
185 16
186 11
187 9
188 16
189 7
190 10
191 11
192 6
193 12
194 6
195 13
196 11
197 8
198 9
199 9
200 12
201 8
202 8
203 4
204 9
205 8
206 8
207 7
208 9
209 10
210 12
211 9
212 6
213 12
214 9
215 11
216 11
217 14
218 14
219 16
220 15
221 14
222 9
223 21
224 19
225 14
226 16
227 17
228 19
229 20
230 23
231 30
232 21
233 18
234 32
235 27
236 25
237 27
238 29
239 25
240 39
241 38
242 34
243 45
244 40
245 42
246 33
247 41
248 43
249 43
250 52
251 42
252 48
253 54
254 48
255 28
256 34
257 50
258 46
259 41
260 32
261 36
262 45
263 40
264 40
265 25
266 31
267 28
268 29
269 36
270 31
271 34
272 16
273 20
274 25
275 15
276 23
277 20
278 20
279 18
280 25
281 19
282 11
283 15
284 11
285 16
286 11
287 8
288 13
289 7
290 6
291 4
292 8
293 5
294 5
295 9
296 8
297 9
298 4
299 9
300 4
301 10
302 10
303 8
304 8
305 11
306 14
307 6
308 10
309 13
310 10
311 7
312 16
313 13
314 11
315 12
316 12
317 12
318 13
319 10
320 15
321 18
322 12
323 12
324 15
325 19
326 11
327 20
328 15
329 24
330 17
331 23
332 15
333 23
334 27
335 22
336 32
337 26
338 28
339 22
340 31
341 30
342 28
343 26
344 25
345 35
346 34
347 34
348 31
349 34
350 32
351 33
352 44
353 32
354 33
355 37
356 35
357 31
358 32
359 46
360 37
361 24
362 40
363 33
364 36
365 37
366 39
367 29
368 34
369 38
370 27
371 41
372 26
373 33
374 26
375 22
376 23
377 24
378 28
379 14
380 27
381 19
382 22
383 16
384 11
385 15
386 9
387 23
388 14
389 14
390 12
391 16
392 12
393 16
394 15
395 4
396 9
397 10
398 6
399 8
400 11
401 10
402 6
403 11
404 13
405 9
406 11
407 11
408 6
409 8
410 18
411 15
412 18
413 14
414 27
415 20
416 18
417 19
418 19
419 17
420 23
421 21
422 24
423 19
424 32
425 34
426 36
427 30
428 27
429 21
430 32
431 26
432 40
433 26
434 37
435 33
436 31
437 33
438 29
439 26
440 39
441 27
442 33
443 26
444 40
445 27
446 27
447 34
448 25
449 24
450 31
451 30
452 27
453 23
454 41
455 34
456 24
457 21
458 27
459 27
460 23
461 12
462 30
463 33
464 22
465 30
466 28
467 29
468 37
469 22
470 28
471 30
472 26
473 33
474 23
475 22
476 27
477 22
478 24
479 21
480 24
481 17
482 23
483 23
484 20
485 21
486 18
487 15
488 10
489 15
490 13
491 9
492 12
493 12
494 5
495 9
496 8
497 16
498 12
499 14
500 12
